110
43
110
1 2 1.000000
1 12 1.000000
2 1 1.000000
2 3 1.000000
2 13 1.000000
3 2 1.000000
3 4 1.000000
3 14 1.000000
4 3 1.000000
4 5 1.000000
4 15 1.000000
5 4 1.000000
5 6 1.000000
5 16 1.000000
6 5 1.000000
6 7 1.000000
6 17 1.000000
7 6 1.000000
7 8 1.000000
7 18 1.000000
8 7 1.000000
8 9 1.000000
8 19 1.000000
9 8 1.000000
9 10 1.000000
9 20 1.000000
10 9 1.000000
10 11 1.000000
10 21 1.000000
11 10 1.000000
11 22 1.000000
12 1 1.000000
12 13 1.000000
12 23 1.000000
13 2 1.000000
13 12 1.000000
13 14 1.000000
13 24 1.000000
14 3 1.000000
14 13 1.000000
14 15 1.000000
14 25 1.000000
15 4 1.000000
15 14 1.000000
15 16 1.000000
15 26 1.000000
16 5 1.000000
16 15 1.000000
16 17 1.000000
16 27 1.000000
17 6 1.000000
17 16 1.000000
17 18 1.000000
17 28 1.000000
18 7 1.000000
18 17 1.000000
18 19 1.000000
18 29 1.000000
19 8 1.000000
19 18 1.000000
19 20 1.000000
19 30 1.000000
20 9 1.000000
20 19 1.000000
20 21 1.000000
20 31 1.000000
21 10 1.000000
21 20 1.000000
21 22 1.000000
21 32 1.000000
22 11 1.000000
22 21 1.000000
22 33 1.000000
23 12 1.000000
23 24 1.000000
23 34 1.000000
24 13 1.000000
24 23 1.000000
24 25 1.000000
24 35 1.000000
25 14 1.000000
25 24 1.000000
25 26 1.000000
25 36 1.000000
26 15 1.000000
26 25 1.000000
26 27 1.000000
26 37 1.000000
27 16 1.000000
27 26 1.000000
27 28 1.000000
27 38 1.000000
28 17 1.000000
28 27 1.000000
28 29 1.000000
29 18 1.000000
29 28 1.000000
29 30 1.000000
30 19 1.000000
30 29 1.000000
30 31 1.000000
30 39 1.000000
31 20 1.000000
31 30 1.000000
31 32 1.000000
31 40 1.000000
32 21 1.000000
32 31 1.000000
32 33 1.000000
32 41 1.000000
33 22 1.000000
33 32 1.000000
33 42 1.000000
34 23 1.000000
34 35 1.000000
34 43 1.000000
35 24 1.000000
35 34 1.000000
35 36 1.000000
35 44 1.000000
36 25 1.000000
36 35 1.000000
36 37 1.000000
36 45 1.000000
37 26 1.000000
37 36 1.000000
37 38 1.000000
37 46 1.000000
38 27 1.000000
38 37 1.000000
38 47 1.000000
39 30 1.000000
39 40 1.000000
39 48 1.000000
40 31 1.000000
40 39 1.000000
40 41 1.000000
40 49 1.000000
41 32 1.000000
41 40 1.000000
41 42 1.000000
41 50 1.000000
42 33 1.000000
42 41 1.000000
42 51 1.000000
43 34 1.000000
43 44 1.000000
43 52 1.000000
44 35 1.000000
44 43 1.000000
44 45 1.000000
44 53 1.000000
45 36 1.000000
45 44 1.000000
45 46 1.000000
45 54 1.000000
46 37 1.000000
46 45 1.000000
46 47 1.000000
47 38 1.000000
47 46 1.000000
48 39 1.000000
48 49 1.000000
48 56 1.000000
49 40 1.000000
49 48 1.000000
49 50 1.000000
49 57 1.000000
50 41 1.000000
50 49 1.000000
50 51 1.000000
50 58 1.000000
51 42 1.000000
51 50 1.000000
51 59 1.000000
52 43 1.000000
52 53 1.000000
52 60 1.000000
53 44 1.000000
53 52 1.000000
53 54 1.000000
53 61 1.000000
54 45 1.000000
54 53 1.000000
54 62 1.000000
55 56 1.000000
55 64 1.000000
56 48 1.000000
56 55 1.000000
56 57 1.000000
56 65 1.000000
57 49 1.000000
57 56 1.000000
57 58 1.000000
57 66 1.000000
58 50 1.000000
58 57 1.000000
58 59 1.000000
58 67 1.000000
59 51 1.000000
59 58 1.000000
59 68 1.000000
60 52 1.000000
60 61 1.000000
60 69 1.000000
61 53 1.000000
61 60 1.000000
61 62 1.000000
61 70 1.000000
62 54 1.000000
62 61 1.000000
62 71 1.000000
63 64 1.000000
63 72 1.000000
64 55 1.000000
64 63 1.000000
64 65 1.000000
64 73 1.000000
65 56 1.000000
65 64 1.000000
65 66 1.000000
65 74 1.000000
66 57 1.000000
66 65 1.000000
66 67 1.000000
66 75 1.000000
67 58 1.000000
67 66 1.000000
67 68 1.000000
67 76 1.000000
68 59 1.000000
68 67 1.000000
68 77 1.000000
69 60 1.000000
69 70 1.000000
69 78 1.000000
70 61 1.000000
70 69 1.000000
70 71 1.000000
70 79 1.000000
71 62 1.000000
71 70 1.000000
71 80 1.000000
72 63 1.000000
72 73 1.000000
72 83 1.000000
73 64 1.000000
73 72 1.000000
73 74 1.000000
73 84 1.000000
74 65 1.000000
74 73 1.000000
74 75 1.000000
74 85 1.000000
75 66 1.000000
75 74 1.000000
75 76 1.000000
75 86 1.000000
76 67 1.000000
76 75 1.000000
76 77 1.000000
76 87 1.000000
77 68 1.000000
77 76 1.000000
77 88 1.000000
78 69 1.000000
78 79 1.000000
78 89 1.000000
79 70 1.000000
79 78 1.000000
79 80 1.000000
79 90 1.000000
80 71 1.000000
80 79 1.000000
80 81 1.000000
80 91 1.000000
81 80 1.000000
81 82 1.000000
81 92 1.000000
82 81 1.000000
82 83 1.000000
82 93 1.000000
83 72 1.000000
83 82 1.000000
83 84 1.000000
83 94 1.000000
84 73 1.000000
84 83 1.000000
84 85 1.000000
84 95 1.000000
85 74 1.000000
85 84 1.000000
85 86 1.000000
85 96 1.000000
86 75 1.000000
86 85 1.000000
86 87 1.000000
86 97 1.000000
87 76 1.000000
87 86 1.000000
87 88 1.000000
87 98 1.000000
88 77 1.000000
88 87 1.000000
88 99 1.000000
89 78 1.000000
89 90 1.000000
89 100 1.000000
90 79 1.000000
90 89 1.000000
90 91 1.000000
90 101 1.000000
91 80 1.000000
91 90 1.000000
91 92 1.000000
91 102 1.000000
92 81 1.000000
92 91 1.000000
92 93 1.000000
92 103 1.000000
93 82 1.000000
93 92 1.000000
93 94 1.000000
93 104 1.000000
94 83 1.000000
94 93 1.000000
94 95 1.000000
94 105 1.000000
95 84 1.000000
95 94 1.000000
95 96 1.000000
95 106 1.000000
96 85 1.000000
96 95 1.000000
96 97 1.000000
96 107 1.000000
97 86 1.000000
97 96 1.000000
97 98 1.000000
97 108 1.000000
98 87 1.000000
98 97 1.000000
98 99 1.000000
98 109 1.000000
99 88 1.000000
99 98 1.000000
99 110 1.000000
100 89 1.000000
100 101 1.000000
101 90 1.000000
101 100 1.000000
101 102 1.000000
102 91 1.000000
102 101 1.000000
102 103 1.000000
103 92 1.000000
103 102 1.000000
103 104 1.000000
104 93 1.000000
104 103 1.000000
104 105 1.000000
105 94 1.000000
105 104 1.000000
105 106 1.000000
106 95 1.000000
106 105 1.000000
106 107 1.000000
107 96 1.000000
107 106 1.000000
107 108 1.000000
108 97 1.000000
108 107 1.000000
108 109 1.000000
109 98 1.000000
109 108 1.000000
109 110 1.000000
110 99 1.000000
110 109 1.000000
